0.671069043656125		
0.384214410331482		
0.685318948402751		
0.616804700503339		
0.725722421641567		
0.791974652575852		
0.820586760783685		
0.767710108889646		
0.631447650750998		
0.779244791144444		
0.399816311388293		
0.455287063589147		
0.537594000040107		
0.693111677060982		
0.800124330719714		
0.649808490584956		
0.707381635149498		
0.437235045220286		
0.524021898249343		
0.462702789419857		
0.35515952433473		
0.598078889846993		
0.891856337858704		
1		
0.945523091423186		
0.694363005594882		
0.476507509976538		
0.508320131549923		
0.345541941564562		
0.478917921671647		
0.425684320291977		
0.797088254757655		
0.689959291715964		
0.830517175687328		
0.578655222892895		
0.436974351775723		
0.229286301562155		
0.303343694226643		
0.374595223293962		
0.509972526921611		
0.616503900374998		
0.515932380131149		
0.523837407503961		
0.559031022519903		
0.448023743156797		
0.0912102191830269		
0.125849960895983		
0.385316542001725		
0.589155152706199		
0.627332704995287		
0.508488579621794		
0.590546854633325		
0.536362724848096		
0.39838410171055		
0.29164136603365		
0.20052058475545		
0.247339122064692		
0.597665791004071		
0.777853089217318		
0.615469147933503		
0.121029137505765		
0.513999237973008		
0.508356227565324		
0.609665710790703		
0.398036376762187		
0.419355485591674		
0.566843804520023		
0.492822908937774		
0.293004592215293		
0.25719253213548		
0.521495177171276		
0.55158321134217		
0.678484769486835		
0.299087171877193		
0.54181723384202		
0.770200733952313		
0.303072974111136		
0.138675677301622		
0.226001564160667		
0.335144684861732		
0.44633124110133		
0.571219443720296		
0.611983877113121		
0.507040728337377		
0.600489301542102		
0.345162933402852		
0.372999378346401		
0.365614133595364		
0.567008241923517		
0.475757514989873		
